% # columns="iteration, evaluation, sigma, max axis length,  min axis length, all principle axes lengths  (sorted square roots of eigenvalues of C)", seed=425882, Fri Nov 19 11:24:14 2021
1 10 0.47491980880162593 1.0000437509570452 1.0 1.0 1.0000062500195313 1.0000125000781253 1.0000187501757822 1.0000250003125026 1.0000312504882864 1.0000375007031337 1.0000437509570452
2 20 0.4349122579126942 1.0927661700772089 0.903551326367905 0.903551326367905 0.9434087416511536 0.9924081750464416 1.0000943282683332 1.0024272233118006 1.0074205295058523 1.0214634800987212 1.0927661700772089
3 30 0.43139284119713583 1.141219020539334 0.8930564343541524 0.8930564343541524 0.9135627456008272 0.9398064541612411 0.9722904064885496 0.9872993545793445 1.0235271535748156 1.0606198663924087 1.141219020539334
4 40 0.4303540273401116 1.145425620726846 0.8714893580415145 0.8714893580415145 0.8889372400881308 0.9053156406177671 0.9372768159779337 0.9873823755077246 1.0197851691019475 1.1044766383493234 1.145425620726846
5 50 0.44588478260318043 1.1520333958688 0.8273763483142001 0.8273763483142001 0.8758396365598354 0.8972799918357756 0.9094679834692901 1.0016079050559845 1.057038009335679 1.1013136392379776 1.1520333958688
6 60 0.4680579443133522 1.1474120453510774 0.82414945610745 0.82414945610745 0.8430355533817027 0.8817292024078588 0.9437942595661528 0.9967280556002196 1.0669649696750907 1.0964130358120303 1.1474120453510774
7 70 0.4870587597707548 1.1291981220726524 0.8170850065149073 0.8170850065149073 0.8336802795926203 0.8690854086672556 0.9663760153978685 1.0506300095187167 1.0650587053964193 1.0871811160761091 1.1291981220726524
8 80 0.533608665994984 1.1728380595015975 0.7641749704635321 0.7641749704635321 0.8276248207218743 0.8595536590875001 0.9581006212094719 1.0489217747408872 1.0691064065171263 1.122149116545847 1.1728380595015975
9 90 0.4990704743298672 1.2331907864277174 0.7568152189847475 0.7568152189847475 0.804178322620777 0.8540956773748349 0.9184708141716093 1.0469151534945558 1.0866785707610305 1.1525636069585796 1.2331907864277174
10 100 0.5003803728859207 1.2725660160023209 0.7395153790084242 0.7395153790084242 0.7693718126053471 0.8409609578555945 0.8959760717877817 1.04746852112303 1.0883919189284141 1.1268598253647688 1.2725660160023209
11 110 0.5150767329511945 1.3592811909579554 0.7170281455981051 0.7170281455981051 0.7620213903810567 0.8271776843831231 0.8872854880512532 1.0295604979167419 1.115854754733854 1.165475870522488 1.3592811909579554
12 120 0.503519484504587 1.3991404339289257 0.691476363995524 0.691476363995524 0.7535197785664283 0.818677268489465 0.9116074447529899 1.0585567536546596 1.1039500356549896 1.1725070873882113 1.3991404339289257
13 130 0.5248351301782662 1.4628229819447218 0.6413639755079211 0.6413639755079211 0.7428048790675453 0.8208351440019471 0.9071700945982852 1.0380510132324086 1.112078450065357 1.1501895488095881 1.4628229819447218
14 140 0.5248069470948928 1.4441706795422973 0.6211410328753197 0.6211410328753197 0.739371373495971 0.8369469612048828 0.9043114253317353 1.0328881557055225 1.090488778439059 1.20305920631713 1.4441706795422973
15 150 0.5113853831362968 1.4367385480373127 0.6249029641533105 0.6249029641533105 0.7604324345052045 0.8360115030831999 0.9150725651249221 1.0283695159245965 1.081495252185505 1.131700635756936 1.4367385480373127
16 160 0.5001247245403072 1.4703325190216991 0.5827426933165595 0.5827426933165595 0.7411789484048055 0.8124447107252649 0.9378653993034494 1.0357320043734435 1.1269649943246136 1.1520753161913764 1.4703325190216991
17 170 0.48655645372351164 1.4286562582460398 0.5779853492039884 0.5779853492039884 0.7254611686776196 0.7763519239199175 0.9306063193163615 1.051697752106443 1.1127122150985593 1.1735779685272207 1.4286562582460398
18 180 0.5335520436901241 1.4662491307233383 0.5541608987636838 0.5541608987636838 0.6873550342772204 0.7745231200929168 0.9122423519154681 1.0389426815826315 1.1351820074983905 1.1773683944354771 1.4662491307233383
19 190 0.4960890085993224 1.5020259558892164 0.5180121364589673 0.5180121364589673 0.6766834422970858 0.7840387301786949 0.9040230203253732 1.032010050537439 1.1560712059456026 1.269066123845358 1.5020259558892164
20 200 0.4783591248304197 1.5704852730421242 0.514867567422533 0.514867567422533 0.6418720116104503 0.7603875103044021 0.8695658510022513 1.0271803356041018 1.133199843382022 1.291984924802549 1.5704852730421242
21 210 0.49027057699567334 1.5144402000677075 0.5180253728872266 0.5180253728872266 0.6838731337561804 0.7444215755862222 0.8645083691985086 1.0027491930463714 1.106771507054504 1.2873073057889086 1.5144402000677075
22 220 0.445568182241676 1.5104450656474275 0.515427908316403 0.515427908316403 0.6653882857802461 0.7395916636430269 0.8886198614271095 1.0408665577887555 1.1109838613018987 1.265001447498286 1.5104450656474275
23 230 0.4103897674498639 1.5008249730476046 0.5034160866188442 0.5034160866188442 0.6417644261962565 0.7452311031348898 0.8796538063624183 1.038328987157112 1.116234280346035 1.3114844435851558 1.5008249730476046
24 240 0.4357257982614188 1.4953547559766944 0.488402613306977 0.488402613306977 0.6373731330146273 0.7100955045157484 0.853919594540639 1.0837746808227178 1.12417116527038 1.295305141203416 1.4953547559766944
25 250 0.4150122697214664 1.5555116076964826 0.4797654544983996 0.4797654544983996 0.6328400848101018 0.6964491514741292 0.8512489268026704 1.061270108473435 1.2039619752430573 1.3025921852795808 1.5555116076964826
26 260 0.38601363023550533 1.5514440749811225 0.45961776175571256 0.45961776175571256 0.6127193077707874 0.7053904320071386 0.8412133373544821 1.044262288931473 1.230216333604924 1.2471767309543005 1.5514440749811225
27 270 0.36911349442882896 1.4445779065950624 0.4486435565495462 0.4486435565495462 0.5834538939442594 0.7034620663553376 0.8571353693963031 1.055077685522766 1.1996008280948136 1.2742917362350972 1.4445779065950624
28 280 0.36797223107341703 1.4790158383544492 0.4281504541091461 0.4281504541091461 0.5537621770226314 0.7109536954420737 0.8446245161535931 1.049094327817581 1.1826844579109577 1.2796480977558706 1.4790158383544492
29 290 0.3742169376249738 1.4757567242737684 0.4082302921855713 0.4082302921855713 0.5496334951412035 0.7192778998651617 0.8606078513860645 1.0500711685719322 1.155777189812772 1.2680260751672705 1.4757567242737684
30 300 0.4042750261114518 1.5583729482240583 0.3826118969043078 0.3826118969043078 0.5473451611050745 0.7011788616702537 0.8603842826983915 1.03927205523946 1.1327218538503656 1.2630864451129373 1.5583729482240583
31 310 0.4200076715983269 1.612475565801812 0.377906076444896 0.377906076444896 0.5491287036044367 0.667511168958373 0.8435236004003407 1.0308417837309458 1.1298751453407947 1.2938465148779077 1.612475565801812
32 320 0.4106005777754661 1.679512745779027 0.3704062025999945 0.3704062025999945 0.5417598996247425 0.6555687330594718 0.8025123242471657 1.0331887977879362 1.146804204567902 1.274570128723994 1.679512745779027
33 330 0.39933311621191225 1.6565140808697847 0.3556202266715374 0.3556202266715374 0.5359528105943882 0.6527891232903704 0.7793912046569753 1.054938345211221 1.151547904335825 1.2779664600241696 1.6565140808697847
34 340 0.39182926341973817 1.6277485569962529 0.3338795433192921 0.3338795433192921 0.5604334459674006 0.6430153783976359 0.7771527122941148 1.0829604656602212 1.1188553195721938 1.370021071667079 1.6277485569962529
35 350 0.4320571518310568 1.6183998742011394 0.3135654501265128 0.3135654501265128 0.5242984479450451 0.6773014632555103 0.7907766544871774 1.0455870355094457 1.1097106659403049 1.407286674034744 1.6183998742011394
36 360 0.4661991209395405 1.6359498449736718 0.2940608962143053 0.2940608962143053 0.5406598643283823 0.674111627092419 0.8115422215607302 1.0040525938187645 1.0953508961611462 1.5274467948595822 1.6359498449736718
37 370 0.4635249431009281 1.6946795984844236 0.27278275555657544 0.27278275555657544 0.5385046654731875 0.6792753508900546 0.81196812874616 0.9404407502701995 1.1078142491254597 1.6305060546222765 1.6946795984844236
38 380 0.47600592830700506 1.749312506209019 0.2631230789891191 0.2631230789891191 0.5309852680149342 0.6364756167356338 0.8145820430214459 0.946195617954213 1.1161182550757416 1.60724222680188 1.749312506209019
39 390 0.4795207971877475 1.8086422028271838 0.2596336451989918 0.2596336451989918 0.5218121718481544 0.6235039666256831 0.8136658553370197 0.9511417422634096 1.1153687083311385 1.6261503108406044 1.8086422028271838
40 400 0.4617710419790775 1.8902865412836 0.24350543794231874 0.24350543794231874 0.5107684941324083 0.6120519520906926 0.8195766312375606 0.9363209826547938 1.138125942612208 1.642158636699876 1.8902865412836
41 410 0.45456801593355983 1.8673837556360822 0.23300525166066982 0.23300525166066982 0.5108849216616272 0.5845300014745238 0.8220243526672976 0.9570753427827864 1.1263396436343582 1.6439230244308705 1.8673837556360822
42 420 0.4760830375432386 1.906903371273123 0.22154388566327055 0.22154388566327055 0.5102712679973543 0.5829869040470205 0.8065281939831049 0.9468183549182685 1.1076805359802917 1.6410422866582164 1.906903371273123
43 430 0.4871036437372078 2.099454374627842 0.20557819505848215 0.20557819505848215 0.5065508636690051 0.5874684414009315 0.8328088031434061 0.9457672216295072 1.0879560749321564 1.5975460684590033 2.099454374627842
44 440 0.47300837581514005 2.0853506211607393 0.19807479238724537 0.19807479238724537 0.5122844972687775 0.5661242996531927 0.8122867578782902 0.999724720248679 1.073376065059741 1.607777581480285 2.0853506211607393
45 450 0.47141061504987364 2.074934608933964 0.19553378695533646 0.19553378695533646 0.5085644272357001 0.566446952704326 0.7993475096208217 0.9844070741035543 1.0822041632517225 1.5770471455801927 2.074934608933964
46 460 0.48571591210951975 2.075192768466789 0.1863085010885917 0.1863085010885917 0.4774682466825124 0.580951485291658 0.7946973276021768 1.0135687880694284 1.0801477342030303 1.586222887495837 2.075192768466789
47 470 0.5342051998585348 2.1828802476314064 0.17515566422968576 0.17515566422968576 0.4738651412852061 0.5858873765993486 0.8057863112414078 0.9881742392692126 1.098683817330242 1.5556437563754926 2.1828802476314064
48 480 0.5655418515909817 2.1702489783443175 0.16357074121349874 0.16357074121349874 0.4601936395582339 0.5801519013214377 0.8385392353281436 1.0797284936922162 1.0860523112566947 1.5823819740278682 2.1702489783443175
49 490 0.5898138888973306 2.131115965833386 0.1506291877276944 0.1506291877276944 0.45936856653991703 0.5879758813136909 0.8270080972512869 1.057642077960481 1.1416090373450005 1.6039779636452711 2.131115965833386
50 500 0.6288145110224458 2.09634572616815 0.13976597860649492 0.13976597860649492 0.4488861791285246 0.592542456693098 0.8108061613855037 1.0875759806820664 1.1599116751180565 1.665666005041325 2.09634572616815
51 510 0.6660404417518928 2.107873875702415 0.12621933514139774 0.12621933514139774 0.42240496375772413 0.5951948408321336 0.809530052852573 1.1208150534487762 1.167681978929027 1.7997144825777613 2.107873875702415
52 520 0.7193508458840912 2.080970447479452 0.11779418329553278 0.11779418329553278 0.40995822224108824 0.5894720918335706 0.7955830403233917 1.1179008215216 1.1960013527035906 1.917995108725868 2.080970447479452
53 530 0.6812334791928731 2.130487194853492 0.10969443855834231 0.10969443855834231 0.40107583258420937 0.5823148049404376 0.8335052323545822 1.0696865405959242 1.2273046629842626 2.0255215537764966 2.130487194853492
54 540 0.6539156355927963 2.095236998962454 0.10379989116297622 0.10379989116297622 0.40444031021140614 0.5948531291055446 0.8502045497215324 1.0389557600017452 1.229948501715765 1.9340593812553408 2.095236998962454
55 550 0.685948398508594 2.132799976638316 0.10229966437599558 0.10229966437599558 0.3964883400217039 0.5722837677196261 0.8470482447750358 1.043801545832697 1.1902141735992622 1.8800258919264146 2.132799976638316
56 560 0.7270026522525942 2.3015788283743532 0.09445790761333571 0.09445790761333571 0.39651581452592566 0.571247728303969 0.8249878920191375 1.0314136535740723 1.2063044599817532 1.8259586872108837 2.3015788283743532
57 570 0.7306851394062701 2.3117950591796017 0.08796203785734208 0.08796203785734208 0.38469275811653975 0.576241748616059 0.828732756070316 1.0288970312456494 1.247441069962384 1.8478958450696361 2.3117950591796017
58 580 0.7495277566597821 2.445998213096903 0.08011717322234425 0.08011717322234425 0.3799897982122912 0.5775981141466143 0.817791951337729 1.019605559655814 1.2451542355453205 1.8237127177803432 2.445998213096903
59 590 0.8470472378450595 2.5025642034530753 0.07422077574681175 0.07422077574681175 0.3769500407452981 0.5766346289506643 0.8024733709889721 1.0446801394663507 1.2432522475964425 1.77342534271218 2.5025642034530753
60 600 0.9276315030671911 2.8776349867538102 0.07234550606651229 0.07234550606651229 0.36458904742091364 0.5688476896933875 0.7758270322405597 1.0524254559602892 1.2378399041459012 1.7649682079820976 2.8776349867538102
61 610 1.0793452729383712 3.1732489094103706 0.0658212814640349 0.0658212814640349 0.3524516682117467 0.5611782627902876 0.771714723071005 1.04912892339249 1.2419238595398765 1.7695016488740016 3.1732489094103706
62 620 1.3775037914640618 3.5369135842076576 0.060548051606103374 0.060548051606103374 0.35481444173761045 0.5669670043346786 0.7904087088701814 1.0072510760393885 1.2350911867471461 1.7552009396426966 3.5369135842076576
63 630 1.584484723924268 3.5610711002048814 0.057185898369727865 0.057185898369727865 0.3642796477148516 0.5631906746122456 0.808317479563561 1.012447297698112 1.2489813714203593 1.720841056661464 3.5610711002048814
64 640 1.7558211509433133 3.624261094969486 0.0545440390924606 0.0545440390924606 0.3591491657755821 0.553993771992492 0.7797284345259442 1.0099434742367022 1.28947249276635 1.6026263050363734 3.624261094969486
65 650 1.6518077219845966 3.594700592681374 0.05190288362636026 0.05190288362636026 0.3580892284988543 0.5685462832668479 0.7946458839757459 1.0094007569425043 1.283939260084172 1.6652523997478277 3.594700592681374
66 660 1.5089198700309514 3.5762268483434623 0.047716420390215966 0.047716420390215966 0.35234195753296493 0.5672400828126303 0.7985892018250685 0.9946735169313174 1.2869727121865018 1.6277185726765104 3.5762268483434623
67 670 1.4645835918033947 3.6044835094569585 0.0445000073905581 0.0445000073905581 0.3511628014257821 0.5777398059598527 0.7884560805131556 1.0084301180362447 1.2319699451994757 1.6078622639723539 3.6044835094569585
68 680 1.494706873654162 3.301486095286418 0.04379845406242221 0.04379845406242221 0.35404727446384787 0.5734356077255119 0.8128535495268611 0.974012061621527 1.2459570535741864 1.625626099605799 3.301486095286418
69 690 1.722825243650344 3.3027992459274387 0.04181429375857606 0.04181429375857606 0.37218104901537286 0.5768631815553342 0.7879519846575146 0.9744749623063356 1.2311178129200813 1.6403030284810076 3.3027992459274387
70 700 1.817332198114787 3.370234691227609 0.040741865077026096 0.040741865077026096 0.35844622397066794 0.5840454314665643 0.8694507824596932 0.9766326017480134 1.1757078374119283 1.6960030317134915 3.370234691227609
71 710 2.053817236660762 3.4172166651443168 0.039270543102855306 0.039270543102855306 0.3597536575030347 0.5972091801899796 0.8565161947564149 0.9713719726094222 1.1432777444269293 1.6917156647480494 3.4172166651443168
72 720 2.0723928271592937 3.856803953600715 0.035647343987544204 0.035647343987544204 0.3570518124406034 0.6067972075003784 0.8497811275459509 0.963184911855782 1.1466179553619353 1.7374931040605983 3.856803953600715
73 730 1.994177222440697 3.941287582970501 0.03247414690464689 0.03247414690464689 0.35153144700612854 0.5709372431814203 0.8515796718925097 0.9679832579022494 1.131881703623638 1.8460516303685122 3.941287582970501
74 740 2.015921457887438 3.910278096567844 0.03036433068376961 0.03036433068376961 0.34594912852420556 0.564780439496624 0.8458059683384936 0.9442569629996198 1.158333649119779 1.858577115362024 3.910278096567844
75 750 1.845508484265406 3.913979188667254 0.029973002521547765 0.029973002521547765 0.33588476873629236 0.567796669153437 0.8529110970227519 0.9230188003544421 1.147638688278049 1.87706843292514 3.913979188667254
76 760 1.7279893327606235 3.8682379979785475 0.028696517262974692 0.028696517262974692 0.3248524358074578 0.563760458470597 0.8676469061604039 0.919404899559397 1.1697345197248574 1.887235214929293 3.8682379979785475
77 770 1.57612111054499 3.8320493243078597 0.028185873870499954 0.028185873870499954 0.32060891454953255 0.5610451095387806 0.845049289630982 0.8923185141954835 1.1609837148829563 1.8106649302409459 3.8320493243078597
78 780 1.4107924743543572 3.7831453175719907 0.02593291752510476 0.02593291752510476 0.3178670423216137 0.558444901406358 0.8591043184244715 0.8732758259297062 1.1422961762279906 1.8079583307620672 3.7831453175719907
79 790 1.2035304121211206 3.54655779519285 0.02481069288753645 0.02481069288753645 0.31800809714239986 0.5544703116245207 0.8602948393217592 0.8657417842596266 1.1254085831804934 1.7817847257385917 3.54655779519285
80 800 1.1376379388778834 3.1719269694729086 0.024427904520721508 0.024427904520721508 0.3176983914622784 0.5655918077562013 0.825378565802025 0.8587910006967132 1.1195464431925108 1.7448616145378317 3.1719269694729086
81 810 1.0890141644969402 3.112469605315337 0.023675810195941272 0.023675810195941272 0.3250404569912657 0.5787946878158393 0.8232431190834772 0.8507405350882318 1.094726073774048 1.6536242625652346 3.112469605315337
82 820 1.0728529023477382 3.088416916076002 0.021922998140718367 0.021922998140718367 0.3262652390798789 0.569999047724287 0.8208176801279395 0.8750471995752189 1.0728784720778453 1.6484214724127297 3.088416916076002
83 830 0.9781686343890874 2.8881852823212975 0.020868217844298237 0.020868217844298237 0.34009620566653503 0.5741472236602712 0.8280520423892999 0.8978462850001808 1.103730873481583 1.6488013168260984 2.8881852823212975
84 840 0.8332639802876748 2.8559143740738393 0.019357989784876083 0.019357989784876083 0.33645201925462703 0.5819609090948547 0.7938272682795475 0.9040169086868994 1.100676981812009 1.6301306843405876 2.8559143740738393
85 850 0.6930117359101953 2.7340887936749585 0.018882194046263283 0.018882194046263283 0.33386578251902216 0.5849840879058742 0.7747421761748 0.8856008631555118 1.0824962659722 1.5937751915021992 2.7340887936749585
86 860 0.6507807789204143 2.7672404976811813 0.018107716859646048 0.018107716859646048 0.3313370878911805 0.5768069879614052 0.752674751947497 0.8521741046941401 1.0998286496022631 1.580689027157014 2.7672404976811813
87 870 0.5828134247124265 2.830768723133531 0.017435441279323182 0.017435441279323182 0.3317930096729364 0.5749066683818448 0.7641113715507449 0.8240134827134308 1.1550901726242098 1.5461958163320566 2.830768723133531
88 880 0.5776904739227142 2.693818397597029 0.0174213675168032 0.0174213675168032 0.3397369936536376 0.566793711769089 0.7331245761226882 0.7966260648020997 1.1997788435605508 1.532639433956202 2.693818397597029
89 890 0.5987757399214909 2.7570358627395395 0.016368331093158238 0.016368331093158238 0.3313879041629146 0.5670355819467493 0.7254759354044364 0.7867869190198031 1.2361271903952145 1.57034945509382 2.7570358627395395
90 900 0.5813156184454571 2.768743034899843 0.015760009922519896 0.015760009922519896 0.34025326955784885 0.5589200724041798 0.729204295638618 0.7925437848402466 1.2154566325813994 1.578974011053361 2.768743034899843
91 910 0.5278620178157699 2.763408386425149 0.014601683877054416 0.014601683877054416 0.3344689095428411 0.5502255276024204 0.715256702227808 0.8635418478881319 1.1928283343983774 1.578497331330387 2.763408386425149
92 920 0.47461410454086045 2.8146799581854345 0.01297267689490567 0.01297267689490567 0.3331482876144278 0.5405707709404062 0.7180982356782537 0.8774363934846858 1.1998091271960933 1.5832433774134052 2.8146799581854345
93 930 0.44305480583287865 2.8508659134214027 0.012067041631111844 0.012067041631111844 0.32902018623947743 0.5490026270010798 0.7102622784106614 0.8737806935375748 1.2029283079111512 1.5512931812885964 2.8508659134214027
94 940 0.44080461286747996 2.855527206875056 0.011211759842039166 0.011211759842039166 0.31817010285000613 0.5352688451809506 0.7232102501426264 0.8660363766344805 1.1845317706727458 1.615553492680879 2.855527206875056
95 950 0.4446205831747784 2.980016039623927 0.010435580160902458 0.010435580160902458 0.32425392082485044 0.526818420709228 0.7329323780193459 0.8435498886955726 1.1525683569159537 1.6291066807225485 2.980016039623927
96 960 0.4747880906233802 2.9963456446027186 0.010277563068053696 0.010277563068053696 0.3357527199110894 0.5154955082671863 0.7279787426354108 0.8207308881941575 1.092791540212378 1.6117455346354999 2.9963456446027186
97 970 0.4404766831540786 3.0958618830058513 0.010100333577572222 0.010100333577572222 0.3480946091540528 0.487037185161383 0.7220826886454178 0.8199284863388216 1.0899156699171175 1.5939131235266293 3.0958618830058513
98 980 0.4023072395877705 3.076156374108152 0.009699945450937272 0.009699945450937272 0.34911152625865677 0.47520418912425805 0.7337951336564806 0.7844899905964534 1.1230334878570747 1.5934355665999231 3.076156374108152
99 990 0.3562180821024599 3.1256099997372067 0.009359666825870897 0.009359666825870897 0.3347879084279718 0.4611677231171696 0.7364997681947362 0.7691442741295258 1.105460810328334 1.5816673169622362 3.1256099997372067
100 1000 0.339648216659246 3.1989294400626576 0.009201898321307179 0.009201898321307179 0.3285460311963865 0.4568127928263157 0.736897980804779 0.769860595139501 1.0362861675945505 1.507930306645981 3.1989294400626576
101 1010 0.32680739741678877 3.2227505171906587 0.008203758942803905 0.008203758942803905 0.3422445059575987 0.46123034138496966 0.7277829372582244 0.7685682503549558 1.0220760613621125 1.5023068189759246 3.2227505171906587
102 1020 0.27418356724699294 3.1688329795774086 0.007517810721443803 0.007517810721443803 0.35153713473798986 0.4616645055165234 0.7253305909325057 0.7634490045122115 1.0659223489061211 1.5004635217501063 3.1688329795774086
103 1030 0.2560224192574044 3.179053871232845 0.007426385922597817 0.007426385922597817 0.3487871426377883 0.4211342826088058 0.7057772961615243 0.7575406971719655 1.0651851400604981 1.4739743839164507 3.179053871232845
104 1040 0.2583801140921738 3.11078352813266 0.007270213267466528 0.007270213267466528 0.35008239783357364 0.4024192883936914 0.7060023486053015 0.7712068925799539 1.0447148936203419 1.4642168371179112 3.11078352813266
105 1050 0.2217328724614002 3.0514343132995707 0.007223047176702227 0.007223047176702227 0.36360288252194894 0.38720797143247326 0.7202902183090504 0.7882791689050527 1.06053227361749 1.4495952002166066 3.0514343132995707
106 1060 0.21120120967995026 3.0513711528106757 0.006991122647879685 0.006991122647879685 0.3548374803327337 0.3804233352549291 0.7211666408238228 0.7880563194049449 1.007209234633398 1.4792336875382488 3.0513711528106757
107 1070 0.20067728809484686 3.1600029784484915 0.006915641920052486 0.006915641920052486 0.33646036340186203 0.37523688059923554 0.6968566872279578 0.7927308919093565 0.9849254027272252 1.4822652759596577 3.1600029784484915
108 1080 0.1978573939275467 3.1881802150166765 0.006569739458212957 0.006569739458212957 0.33649909349408874 0.3637253545063832 0.6884344078951409 0.7717697889404302 1.0120091886205316 1.4671747599629419 3.1881802150166765
109 1090 0.17268387621970163 3.0239735098124707 0.006375365353950624 0.006375365353950624 0.32800978641817524 0.3770351879580215 0.6795518362985843 0.7703755336619517 1.0316429091419062 1.4691502758447001 3.0239735098124707
110 1100 0.16799323090125304 2.9618902666740685 0.006077195459129065 0.006077195459129065 0.32548421927740123 0.37705562368165196 0.6746090832874788 0.7477635116837085 1.033290974235316 1.4822729943040414 2.9618902666740685
111 1110 0.17159520154436786 2.876926618021981 0.006115914306540098 0.006115914306540098 0.3085765096670532 0.38890259573327435 0.6554857095340734 0.7905424134818108 1.0052123761409901 1.4589477841865695 2.876926618021981
112 1120 0.18227645496188372 2.9617817607791928 0.00564490930459551 0.00564490930459551 0.29800829358193215 0.3912644768482676 0.6906236036634962 0.7892847405878026 0.975600952749817 1.555117341844915 2.9617817607791928
113 1130 0.20009409194231842 2.9705733433894537 0.005549297592318123 0.005549297592318123 0.29407238734678953 0.38567517320802513 0.7484379068167796 0.7990176323677142 0.9773082532128987 1.5164866024675216 2.9705733433894537
114 1140 0.1865460240193726 2.983315299466529 0.005501397165345435 0.005501397165345435 0.29396675298365527 0.3926986584210417 0.7455779311038071 0.8140522997841664 0.9491222204947223 1.5033163516921937 2.983315299466529
115 1150 0.16241500355892557 2.9470970690347995 0.005312053432049825 0.005312053432049825 0.2908341955388097 0.39128857658387256 0.7390452465292973 0.7935280663029376 0.9054383224472737 1.4974755039231684 2.9470970690347995
116 1160 0.14850682425153147 2.9624404278936973 0.0053039209853997845 0.0053039209853997845 0.2717284949697671 0.392797783133473 0.7339722626998428 0.7566773937494341 0.8937696947048536 1.4824046577914025 2.9624404278936973
117 1170 0.13051493763619734 2.991986722481828 0.005225336814294888 0.005225336814294888 0.25725191221037297 0.4020026506430366 0.6990981644965178 0.7267393032379965 0.9113359874311745 1.5017848692041293 2.991986722481828
118 1180 0.13118341075014006 2.9146763196496757 0.005088085649673895 0.005088085649673895 0.24919326871580583 0.40409645617404816 0.6567062716820722 0.7159176504872102 0.8994247958141615 1.5142863427237423 2.9146763196496757
119 1190 0.12510404525879953 2.8887118603283093 0.004872530593952185 0.004872530593952185 0.24350301755475193 0.4141104846895463 0.6847186483733428 0.7244275239526057 0.8745033129420018 1.4992484969660904 2.8887118603283093
120 1200 0.11268253666646282 2.9159852801894526 0.0046864956829390176 0.0046864956829390176 0.2374882324876642 0.40998159860436234 0.6838975792477547 0.7046651336545801 0.8843829278789318 1.4800374002583994 2.9159852801894526
121 1210 0.11326357699515541 2.8580341840297403 0.00464799855243531 0.00464799855243531 0.22513064570256092 0.4266247497054377 0.6564862280926447 0.6903028652010155 0.8702777736119232 1.4445889303046902 2.8580341840297403
122 1220 0.11266883457959478 2.9149776899045814 0.0045144528390290905 0.0045144528390290905 0.2222000700412245 0.4433310612812349 0.644515562044074 0.6697836958110537 0.9185225426820994 1.3806247349408514 2.9149776899045814
123 1230 0.12069420383968754 2.949340668045377 0.004369647362103474 0.004369647362103474 0.20575610489905866 0.4468676891950343 0.608507870832472 0.6752808268973491 0.9565695040271458 1.3971161924499815 2.949340668045377
124 1240 0.127710680361045 2.931788568009952 0.004170473270941234 0.004170473270941234 0.1927850785739249 0.44139160756389967 0.6378847023345144 0.6746558713677443 0.993179193171255 1.4567861498607362 2.931788568009952
125 1250 0.1498057846643608 2.8950616093598907 0.004058414245618294 0.004058414245618294 0.18589897185156554 0.4351532587715607 0.6605679033453171 0.6662750137133994 1.0484585836519489 1.521577676511688 2.8950616093598907
126 1260 0.15084285907524675 2.911911412800763 0.0037487965576082716 0.0037487965576082716 0.184615143830988 0.4310732998203756 0.6622493967571715 0.6779222896120276 1.059326135366471 1.6784119030137825 2.911911412800763
127 1270 0.15041389576650677 2.836602506145304 0.0035060189421327326 0.0035060189421327326 0.17039820494478683 0.43979549941720586 0.6637597216199868 0.6934061571280292 1.0685198725222653 1.7074218283888791 2.836602506145304
128 1280 0.14338692035618938 2.865660720901322 0.0032998917473044307 0.0032998917473044307 0.16651456755577962 0.4424956915747423 0.6398101189859697 0.6972534351550181 1.0792843917465453 1.7235009956248049 2.865660720901322
129 1290 0.12590433167937376 2.9070432282449175 0.0032482658744232783 0.0032482658744232783 0.16093908012468466 0.43302827754513784 0.6278851233015083 0.7165029709392047 1.046582601887469 1.7301568759745594 2.9070432282449175
130 1300 0.11394626193894437 2.8981822781891693 0.0031507664745633397 0.0031507664745633397 0.1530161929969666 0.4227741273030281 0.6258739071328464 0.7086898781012413 1.0522573325338775 1.7158839699850674 2.8981822781891693
131 1310 0.1030433868157726 2.805139721921459 0.0027933333823164513 0.0027933333823164513 0.151755847493867 0.42590388546443686 0.632199633075306 0.7345861207050234 1.0745310109453212 1.7050486208082654 2.805139721921459
132 1320 0.09155212919765536 2.8329606974149706 0.0026164702570424503 0.0026164702570424503 0.15065575285185748 0.42606648193995666 0.6271836266373101 0.6997036925843607 1.074505367325527 1.697524608776639 2.8329606974149706
133 1330 0.08989080702958746 2.8587330289670847 0.0025467342365528382 0.0025467342365528382 0.14572708638168447 0.4168665167429428 0.6198596250055378 0.681781686516406 1.0226097639872973 1.7014395059103296 2.8587330289670847
134 1340 0.0821201271865001 2.8231815866174674 0.0025007617343570225 0.0025007617343570225 0.13646196123699814 0.4231061374976225 0.6183106293441767 0.6829041241129489 1.0297064993755267 1.6952682439008444 2.8231815866174674
135 1350 0.0881188241408331 2.7933832297861527 0.0024172434195136056 0.0024172434195136056 0.1369210304797577 0.41581168260378853 0.6051911026225351 0.6488541928236884 1.0325889777511386 1.7426225403320956 2.7933832297861527
136 1360 0.0919851030133307 2.8100507092722067 0.0023752323182285625 0.0023752323182285625 0.13757083018659066 0.4021548976059222 0.6088315865906144 0.635232734696775 1.0114283683913665 1.8822731017407557 2.8100507092722067
137 1370 0.0960038625050381 2.7471709917200062 0.002361215864396921 0.002361215864396921 0.13738954113076468 0.37913934605186983 0.5916815121386708 0.6401485993720666 0.988547659154592 2.0069324648648106 2.7471709917200062
138 1380 0.10201644233599662 2.695671994399083 0.0022985193412654054 0.0022985193412654054 0.13091505490240407 0.3794940479797401 0.5848262927940318 0.674679900288795 1.0092131326893186 2.084820382969224 2.695671994399083
139 1390 0.10684620306951054 2.6719544568737086 0.0022295676407181816 0.0022295676407181816 0.11811764166948138 0.40042403167395835 0.6377186759368566 0.6722896239882855 1.0426188462899335 2.091586835970685 2.6719544568737086
140 1400 0.10263633848933193 2.711218396213931 0.0021851469580804954 0.0021851469580804954 0.11760168110191525 0.4049641068044694 0.62915651950791 0.6555596069959373 1.0590835101221923 2.0561946652942718 2.711218396213931
141 1410 0.10274723108835755 2.6676062826737565 0.0021111256075361986 0.0021111256075361986 0.10831566870794312 0.4151498310128983 0.641461020376365 0.6469474755660788 1.0852777526605042 2.0671121635268253 2.6676062826737565
142 1420 0.10036729165983711 2.7185630572064503 0.002099712741732441 0.002099712741732441 0.10385361990686812 0.4227372224501956 0.6345357227215161 0.6464882176567414 1.0458788466978421 2.05020349354756 2.7185630572064503
143 1430 0.09368435883052419 2.676274925870723 0.0020067132559772284 0.0020067132559772284 0.10212063011016077 0.42731628665662336 0.6278585184890993 0.6365271058984984 1.0301106501325241 2.006135539403935 2.676274925870723
144 1440 0.09175548486864381 2.6598238328622377 0.0019031114497877588 0.0019031114497877588 0.10021079966624669 0.42245316354285023 0.6210141076295018 0.6417967017584164 1.0144003380893984 2.0792429767899674 2.6598238328622377
145 1450 0.08037501650671906 2.6455249972008454 0.0018404534986078238 0.0018404534986078238 0.09468293187631295 0.4378639838358848 0.6175893199595937 0.6418346743781195 1.0016244937361949 2.0657712276429985 2.6455249972008454
146 1460 0.07623157034826067 2.664539019665629 0.0017976832804192174 0.0017976832804192174 0.08865222559888133 0.43835657505505443 0.6013444984385574 0.6580925369446436 1.0010660556112583 2.03602365198409 2.664539019665629
147 1470 0.08287880493057072 2.6396955670313056 0.0017253646255191606 0.0017253646255191606 0.08451204888491512 0.43304429427099606 0.5999160626768512 0.6553203778819656 1.0035719460609458 2.0556295800629583 2.6396955670313056
148 1480 0.09051201253232125 2.8033881377388683 0.0016589285974501022 0.0016589285974501022 0.08112322132621418 0.4334078209343469 0.6039473784781424 0.6399161750147815 1.0042250552796512 2.2209798074551506 2.8033881377388683
149 1490 0.08722830598248445 2.8265832273033955 0.0015435711179790812 0.0015435711179790812 0.0808142283547726 0.43418305981325495 0.5874861966700498 0.6258876847657899 1.0658416328437739 2.2810165920559307 2.8265832273033955
150 1500 0.08338994815514146 2.831111671045114 0.0015016649211736744 0.0015016649211736744 0.07774134997136116 0.4345193374037527 0.5762940648673919 0.6120284495186324 1.045952635480089 2.3028009951969493 2.831111671045114
151 1510 0.08712833800341135 2.8161847397112787 0.0014034897841544139 0.0014034897841544139 0.07716511251925434 0.43321325503289626 0.5772182884271335 0.6313451591346667 1.0074961951046397 2.278097271170834 2.8161847397112787
152 1520 0.09700581332807237 2.7318251283580324 0.001350660667548347 0.001350660667548347 0.07336262492022684 0.44146541941326234 0.5817468951897795 0.6349465897332375 1.0678747881824118 2.3080850862643487 2.7318251283580324
153 1530 0.09678552504189558 2.757545206671692 0.001333929531502011 0.001333929531502011 0.07002488888693642 0.437076782544265 0.5605438178715508 0.6667376329727588 1.106633177924604 2.3002963710636437 2.757545206671692
154 1540 0.08820279076566039 2.74817155892173 0.0013044856023007405 0.0013044856023007405 0.06902946316105965 0.43494061503331627 0.5569601562267414 0.6619813294746728 1.1212338257156553 2.2376340319307086 2.74817155892173
155 1550 0.08052045164750707 2.7586256430289633 0.001219956601371285 0.001219956601371285 0.06831048590091009 0.4208927718934068 0.5426489273735647 0.6505738372181171 1.141187009284716 2.278815656545515 2.7586256430289633
156 1560 0.06959980076958926 2.8088031599798344 0.0011258441650852105 0.0011258441650852105 0.06719156172071192 0.4216827948062332 0.52909250877252 0.6445009007865611 1.169976518832637 2.2436416148557825 2.8088031599798344
157 1570 0.06463041807665497 2.761805881016287 0.001102835241782716 0.001102835241782716 0.06416525679253836 0.4232232259447772 0.5398623015373525 0.6320126112082458 1.160062183496171 2.2213709410039675 2.761805881016287
158 1580 0.06042328160547238 2.816489078607215 0.0010273855247578806 0.0010273855247578806 0.06381927530233872 0.41369204217979677 0.5305648357686339 0.6219025454544986 1.1515819340437916 2.251252389713374 2.816489078607215
159 1590 0.0574469667699877 2.787809591492341 0.0009447292342460229 0.0009447292342460229 0.061766272949892544 0.4085170736867287 0.525110917891548 0.6218288800516688 1.171792129139647 2.2262261266036147 2.787809591492341
160 1600 0.05678127267066681 2.710934188407105 0.0009293435125090018 0.0009293435125090018 0.05904554842519397 0.4015957051263313 0.5160932822077211 0.6258430269983517 1.161765433259162 2.213727178975949 2.710934188407105
161 1610 0.05834532145936811 2.7155147512352866 0.0009105576574093692 0.0009105576574093692 0.05605545835518676 0.39271067744592764 0.5066090988523138 0.6207109963831027 1.1776818001912146 2.265935752703567 2.7155147512352866
162 1620 0.05258882763792605 2.9720167570370495 0.0008965564590235439 0.0008965564590235439 0.05283352747864022 0.39080819701933994 0.49883059233999505 0.6230291363111581 1.1622710819452073 2.223133686027853 2.9720167570370495
163 1630 0.05134520523115979 2.9969640281310763 0.000851887003469813 0.000851887003469813 0.04955616706618202 0.389408089651992 0.48358564947424915 0.6349807770867365 1.1665663236167285 2.2222747741873663 2.9969640281310763
164 1640 0.04784020671689176 3.1273215032069417 0.0008364029618388607 0.0008364029618388607 0.045834424271818254 0.37960166626602615 0.49065502330331656 0.6333458891255928 1.1899425218679636 2.182744963891153 3.1273215032069417
165 1650 0.04499924345295072 3.0863901340801423 0.0008045787541101405 0.0008045787541101405 0.042719033874858744 0.3833889092627639 0.48971403523187645 0.6280792330122212 1.1795886720872266 2.213138060614831 3.0863901340801423
166 1660 0.041781825510682845 3.032570102667922 0.0007398414495257809 0.0007398414495257809 0.04243696313448497 0.38732746418298275 0.480606209744134 0.6250108763397338 1.1912479627615165 2.266071585422791 3.032570102667922
167 1670 0.0379331112516376 3.0129085203211656 0.0007208255684624601 0.0007208255684624601 0.039517946209956675 0.377505988668027 0.48162070396691653 0.6443686563489365 1.2159347255375121 2.198616723805569 3.0129085203211656
168 1680 0.03478780253936519 3.0288010346254324 0.0007198305253427549 0.0007198305253427549 0.03496701200457991 0.3689025074453366 0.4772095204686921 0.6453984301841045 1.204844776370887 2.2813051149844785 3.0288010346254324
169 1690 0.03757730625210994 3.0315339636009724 0.0006964769769901597 0.0006964769769901597 0.033935888215033766 0.37213794952075735 0.4703997254109969 0.629698949380108 1.1840205030097366 2.2663384122781727 3.0315339636009724
170 1700 0.04080103204969251 3.232115410087441 0.0007024730533602078 0.0007024730533602078 0.03142446030132248 0.37774933813064726 0.4773708211348925 0.6189948500538598 1.1677054412551466 2.303310091816212 3.232115410087441
171 1710 0.037107951191152004 3.393577969767765 0.000697936151152888 0.000697936151152888 0.029397593706699414 0.3731355330898887 0.4740075664419313 0.6296359377945027 1.1698387456724748 2.3358391857190686 3.393577969767765
172 1720 0.03691342077997977 3.5457443793597463 0.0006678892732300018 0.0006678892732300018 0.028750739284867106 0.3616596345778643 0.4658862340809943 0.6197514154826949 1.1553013759087292 2.3483591009174187 3.5457443793597463
173 1730 0.03361565579183923 3.57036880946298 0.0006198724370835556 0.0006198724370835556 0.028248202058633824 0.3753095712319326 0.4548607324111481 0.6186205938861825 1.152723645257871 2.3319409214114786 3.57036880946298
174 1740 0.0333684395422036 3.557155755428781 0.0005900923422432297 0.0005900923422432297 0.0272036699482133 0.3627571427921317 0.45866044769234815 0.6275211635317735 1.2045720084570273 2.3029621157625457 3.557155755428781
175 1750 0.02953993215411501 3.5441238653275895 0.0005726619215210404 0.0005726619215210404 0.02521627851876889 0.38268117294931986 0.45889561898427694 0.6301799430500505 1.1907398761626489 2.3097052056048923 3.5441238653275895
176 1760 0.027882108277609015 3.5337346016688578 0.00056489871386175 0.00056489871386175 0.023725768345670056 0.3770395368302224 0.44954204303043416 0.6228325601927283 1.21610879768852 2.2381720193049484 3.5337346016688578
177 1770 0.026149660838252885 3.5293386021685365 0.0005369226516624267 0.0005369226516624267 0.023639710892488494 0.3769822901370402 0.4463506483114743 0.6072135999662173 1.2035105228365206 2.199486485391657 3.5293386021685365
178 1780 0.025595008705119642 3.5705566559018167 0.0005222590603795894 0.0005222590603795894 0.023593342358015863 0.37220339941328257 0.42545501859387735 0.5921891227857379 1.194470351763649 2.2729321876838804 3.5705566559018167
179 1790 0.02383183362455384 3.461051671384334 0.000513743831295223 0.000513743831295223 0.022552752293304345 0.36437613705390065 0.42580580733314216 0.5967590951398185 1.2632586718157648 2.2072716846057 3.461051671384334
180 1800 0.02554153480358084 3.4002763602936197 0.000501735945057767 0.000501735945057767 0.020530588611553675 0.35478482986927073 0.42899077137667635 0.5953984584915167 1.3817219277860504 2.2254620509560312 3.4002763602936197
181 1810 0.025893476298926722 3.329969251073629 0.0004688168325597064 0.0004688168325597064 0.02025181337420102 0.3546388516904751 0.43046769758904846 0.5893514123787822 1.4617092346309906 2.338490918033033 3.329969251073629
182 1820 0.027091765477963676 3.2533917570696964 0.0004373605340668064 0.0004373605340668064 0.01984416638337057 0.34614241755899633 0.44106332964117223 0.5854611038524729 1.514167760750496 2.3068962594748887 3.2533917570696964
183 1830 0.02848002188952756 3.4943043595756604 0.00042971955144292893 0.00042971955144292893 0.0196611480154954 0.3408670930799677 0.4316404130780035 0.5916747279458647 1.5063485762357511 2.399811062461958 3.4943043595756604
184 1840 0.031095716385583023 3.7616462434283076 0.0004173550147150443 0.0004173550147150443 0.01900229544720415 0.33695325232970624 0.434389724856726 0.6026393995948293 1.4745766310582527 2.419978691877119 3.7616462434283076
185 1850 0.03351396536554106 3.8906485290376724 0.0003901914795040587 0.0003901914795040587 0.018550144056166347 0.35505565695586977 0.43232446622283005 0.6001474333913559 1.46560541800468 2.479757012274442 3.8906485290376724
186 1860 0.03487358437455001 4.060279629039932 0.00036861484438680263 0.00036861484438680263 0.018762184164409584 0.3538588871405905 0.428458627533151 0.6031731237851875 1.4875540536996066 2.5152401151885226 4.060279629039932
187 1870 0.03172055116205914 4.146196832121353 0.00036358933354324916 0.00036358933354324916 0.018096098063576777 0.34602293403237105 0.4376307230578646 0.6033796285158602 1.4553561517905527 2.4912375372027706 4.146196832121353
188 1880 0.030329445042170056 4.190248135649094 0.00035342213334957443 0.00035342213334957443 0.017798184587319885 0.3465104574574296 0.4129158673279978 0.6047163956637372 1.4247508451253252 2.5029369633493994 4.190248135649094
189 1890 0.029993043299720856 4.163109730547619 0.0003504446244499089 0.0003504446244499089 0.0179975963192831 0.3493986010346018 0.40284289328810874 0.6044184242676879 1.466615587402911 2.4488975363449863 4.163109730547619
190 1900 0.030945033164982084 2.0323279842266406 0.07614416214608283 0.07614416214608283 0.2049852897667611 0.29604980927480734 0.4662848672936531 0.8758405736119075 1.0086914373144715 1.3161321624155045 2.0323279842266406
