% # columns="iteration, evaluation, void, void, void, xmean", seed=425882, Fri Nov 19 11:24:14 2021, <python>{}</python> # scaling_of_variables: 1, typical_x: 0
1 10 0 0 0 -5.502939137856783 20.833030636320373 0.5552014093591849 0.6922805315678359 -15.267715654981512 16.32625937055595 0.2600529828596332 0.9973753852141481
2 20 0 0 0 -5.830177062983323 20.458151353864952 0.793255889514185 0.25906646768055736 -15.145253452578606 16.131423069845084 0.13303341614585157 0.9320262039240206
3 30 0 0 0 -5.649837914192209 20.508183066811206 0.8441279357655574 0.1985877603275377 -15.064134513523829 15.7461468740996 0.015577897406386779 1.2310985177608298
4 40 0 0 0 -5.36283812760837 20.57057237836719 0.8655417330350101 -0.24224171868824693 -15.03859784054826 16.192434983598464 0.09339365261903712 1.38446033473048
5 50 0 0 0 -5.281002314405115 20.345828683869502 1.2900680972749572 0.006689867914095815 -15.197844726333079 16.431202793447078 -0.07281640354500121 1.6213349996335913
6 60 0 0 0 -5.412587154909536 20.193516040975847 1.1241722977584385 0.4600498066748661 -14.85723944884659 16.362283460516927 -0.7117803386115937 1.1904295783085386
7 70 0 0 0 -5.795241986838695 20.244490187661654 1.0156738128614944 0.05824033243892052 -15.033045606643421 16.537839880544826 -1.047696921975712 0.9858494047357528
8 80 0 0 0 -6.204455982012059 20.204506373349254 0.8737162946800288 0.03285934802177063 -15.419398770871666 16.685537792167764 -1.3684891331834488 0.6767707590052356
9 90 0 0 0 -5.698776205365419 20.123020422111484 1.0155703900415098 0.23934474843453418 -15.036232784639795 16.201873421396286 -1.371132411569106 0.7950189338341844
10 100 0 0 0 -5.8121270584213205 20.43209479252791 0.982787505084317 0.3073733933551369 -15.358113600912683 15.437701597571648 -0.7000380980601595 0.6382086472699815
11 110 0 0 0 -5.513607007235472 20.310690388614585 1.0025778320142147 0.5814097733229631 -14.99725620006731 15.108973220581072 -0.20275276874714743 0.508353725439398
12 120 0 0 0 -5.635464893368264 20.213915902659984 1.0457587591371131 0.770588513784509 -15.189178811632024 15.382370281359718 0.1866190222941373 0.5613461807365641
13 130 0 0 0 -6.220038783309916 20.275924866048015 1.0709771530639796 0.8671642537117912 -15.793124663841146 15.68295811255504 0.3379876949607244 0.6204851519876836
14 140 0 0 0 -6.51467482798267 20.04096706779096 1.1048109740692107 1.1284049655758197 -15.36647464469072 15.679988828965001 0.01375261075044848 0.7513693205599282
15 150 0 0 0 -6.4425935353348285 19.85612839393127 1.1465815793704306 1.4237825879213322 -15.445039988218989 15.531183476522763 -0.0013208672931059005 0.30840933133416665
16 160 0 0 0 -6.912239786086689 19.820618339444025 0.9828026673280116 1.160824866718183 -15.486758838641666 15.490243589722102 -0.09778411755373723 0.026793149225036728
17 170 0 0 0 -6.694360253265273 19.96058537757332 0.9356100491573431 1.6482373061787754 -15.430379950816107 14.92302750122535 0.022894293237290864 0.41843071234191037
18 180 0 0 0 -6.825293731762408 20.29897603680619 0.8712605376585898 2.368207296925162 -15.505908982517159 14.428811205680827 0.0316552014677446 0.2867244959557959
19 190 0 0 0 -6.743914899527038 20.267347957692387 1.1146607755380176 1.803569439390248 -15.319204841817967 14.982387556487373 -0.6250900564779877 0.40099271812246173
20 200 0 0 0 -6.5251410830499115 20.14687821095777 1.1535410443088567 1.5121730058324767 -15.55772445004374 14.832712757715651 -0.9373714621139448 0.2806179123759711
21 210 0 0 0 -6.273851774803492 20.059290381178883 0.9335603805950172 1.2863854636503846 -15.33931422117541 14.348083456306913 -1.0412196086922416 0.21048188981891464
22 220 0 0 0 -6.454538598664006 20.032326114441474 1.1500354652984148 1.1861355946804701 -15.468763574354327 14.707304226479707 -1.1797337722083063 0.1857550637494612
23 230 0 0 0 -7.013676209168876 20.13608069794734 0.9676010142501795 1.1661668994026957 -15.531077813179396 14.983725720669685 -0.9507903222102809 -0.05839478168234294
24 240 0 0 0 -7.510934262119228 20.285865445854245 0.7999463993641153 0.7927014506021869 -15.534211908026839 15.321048449291379 -1.128914940543314 -0.07993706669799708
25 250 0 0 0 -7.578574536890275 20.294290953845312 0.8503406476498094 0.8073117704099161 -15.54987595068657 14.899949348179033 -0.8961199757248591 -0.07491669008135537
26 260 0 0 0 -7.594629072292261 20.448576183221515 0.8282772354259647 0.7510979289237814 -15.492743668575674 14.720185334364595 -1.1126741374611482 -0.23908395840750235
27 270 0 0 0 -7.783137791044308 20.368292100328436 0.8044998683864795 0.49706714215404835 -15.667525577546801 15.216083722951414 -1.2008918936966033 0.022987638222725926
28 280 0 0 0 -7.538390734531856 20.30198479816483 0.8402951339095622 0.42114299587409154 -15.673751821854152 15.461057580503383 -1.6552959808376515 0.18689565443666042
29 290 0 0 0 -7.41098698449572 20.19679622871573 0.808202619072715 0.23674397927085752 -15.609252991602377 15.988788676730453 -1.6219808277945689 0.18861943732286993
30 300 0 0 0 -7.1856740963989045 20.044322022473978 0.7908101562103693 0.19311172928955775 -15.376043496234402 16.282836147827467 -1.8344615227825902 0.4401054140114906
31 310 0 0 0 -7.382125618560085 19.97983624993479 0.8039657589106561 -0.34747638180425433 -15.524622132745781 16.65826518713372 -1.799295647696761 0.4645583290382824
32 320 0 0 0 -7.4939939630375445 19.876071527971547 0.7787505147511324 -0.24467267574105703 -15.70526397936887 16.76451621109108 -1.5045283094827813 0.48223516636941943
33 330 0 0 0 -7.075753722643306 19.91664640957608 0.7840169531737383 0.12493486079254743 -15.183715382067234 16.321298832330456 -1.936675628798823 0.5761878231794693
34 340 0 0 0 -7.015933182022608 19.81492114559237 0.8346799463715487 0.12847742857240912 -15.131158577737587 16.350542704120375 -2.0812696256970393 0.884920083120009
35 350 0 0 0 -6.500398150801183 20.05550685300485 0.8285055593266368 0.6754570242592242 -14.879915404953927 16.3090670031538 -1.992531260397175 1.127285202723487
36 360 0 0 0 -6.180172298775323 19.68051831642942 0.8375211126575486 0.9784163449545548 -14.869528540448897 16.594106501765317 -2.448202484161159 1.3026719161259654
37 370 0 0 0 -6.166434502558459 19.543328987648962 0.8172548251710422 0.8526682337262959 -14.65106134878743 16.8173923887169 -2.4782810654087832 1.2294337254317687
38 380 0 0 0 -5.934692007349063 19.267665260775857 0.8301029204481932 0.49153042661936874 -14.375925216161397 17.202642102970334 -2.946736007190246 1.5899475681003363
39 390 0 0 0 -5.747898892997906 19.256179920016457 0.8072917752040119 0.7412839047154822 -14.054370225602097 16.608330037939016 -2.4998657109256985 1.539122998183901
40 400 0 0 0 -5.717618537673621 19.29166633734252 0.8161867875793405 0.9725490203622956 -14.221778561549584 16.7180469833007 -2.102360086873628 1.258826122740403
41 410 0 0 0 -6.078319179889198 19.52049535144469 0.8100667409961422 1.1865610717694275 -14.46178319682287 16.339363760763877 -1.4796426285233795 1.302988266416689
42 420 0 0 0 -6.561158522857843 19.766042358848104 0.8243344085943468 1.3921111340543932 -14.816550137538236 15.66325550597441 -0.90930880900529 0.8908219139865776
43 430 0 0 0 -5.837588986853321 19.32691840500042 0.8308343538967186 1.3923304507265348 -14.703870846649108 16.234831803068325 -0.8323837617713238 1.2323461843696544
44 440 0 0 0 -6.269864917893769 19.73053550605973 0.8310705781784383 1.898582097674846 -15.135706371167878 16.02368972200912 -0.8502698214935254 0.7911373069147276
45 450 0 0 0 -6.40667626482742 19.42238348425205 0.8126307022626617 2.2473381129353047 -15.139394873470025 16.219405142557797 -0.9452706107543338 0.7515109745813677
46 460 0 0 0 -6.025646617858927 18.739117091542465 0.8069386987722416 2.1275621847607527 -14.719704382761858 16.715030606631586 -1.495251508925738 0.8610156977717786
47 470 0 0 0 -5.899819846612976 18.71536989755846 0.8306833987651792 1.384599544671104 -14.695241150367266 16.70054686032543 -2.55558709415704 0.6912293251743474
48 480 0 0 0 -6.3538486181029645 18.895900596100482 0.831017543756355 1.3402589721114566 -15.071392094310365 16.526278321786627 -2.639507343885846 0.19779564875403405
49 490 0 0 0 -7.043313216686608 18.65412256142325 0.8071352876884915 1.1388313613719336 -15.440831042529565 17.036829156009816 -2.54822649905414 -0.03750546945358457
50 500 0 0 0 -7.562106135171536 18.810055982017104 0.8202732424955603 0.815618773652031 -16.011946035947158 17.64003149031034 -1.8773047234637605 -0.14890948921396965
51 510 0 0 0 -8.095018201830795 18.827042086073334 0.8271440192880584 0.52536329301725 -16.189669494992494 18.258731474428696 -1.798436601043258 -0.16190425976199452
52 520 0 0 0 -7.967463496253391 18.850956091534425 0.7959116582092343 -0.006293346450003567 -15.91127325587628 19.309769483970758 -2.2122986002238885 0.2958182033904659
53 530 0 0 0 -7.622004137825773 19.096912786874864 0.8087038666427688 0.27306664240791345 -15.919156557606764 18.950199410920447 -2.589335898067043 0.3607711330435423
54 540 0 0 0 -7.593998269705885 18.36296126424869 0.8221898415822451 0.09020574301342327 -15.85146063644193 19.19951000556083 -3.653697835551231 0.10987373574816822
55 550 0 0 0 -7.029375609803753 17.88203380779625 0.8303404908157431 0.08083508536856462 -15.601935973759977 20.00877985231743 -4.7433355260671055 0.47468620180801124
56 560 0 0 0 -6.1134252848498 17.548835162650978 0.8228307355021405 0.38417953978523944 -15.214594308026266 19.59164169373352 -5.355478563496084 0.11719619654626101
57 570 0 0 0 -6.164237798499561 17.290112855094236 0.8103961447341459 -0.22355354901979663 -15.292348237324642 20.42513297140331 -5.802505136176516 -0.04143789738081291
58 580 0 0 0 -6.047312711881376 16.834115226724755 0.8189346937565076 0.01935476112560111 -15.267148192690899 21.256124822097785 -6.3177992408606585 -0.30547656411912083
59 590 0 0 0 -5.229598113927762 15.520984252282721 0.8258864136582649 -0.3016896334811441 -14.857449055399321 22.80000017923756 -8.288595511938357 -0.08057537049927321
60 600 0 0 0 -4.217200398556067 14.708857333195585 0.8122045438550439 -0.32984055998418227 -14.387341122064655 23.641324525694262 -9.248751590334383 0.05172367004172593
61 610 0 0 0 -3.747932157022866 12.827945097773318 0.7862848882339135 -1.1509978844301416 -14.20413583106613 25.730107989964175 -11.289746980110982 -0.1813359642450608
62 620 0 0 0 -2.677606184282044 10.545216283925253 0.797683338115894 -2.011462698497665 -14.431847475860867 26.881630063809894 -14.311463235269823 -1.1122197167164125
63 630 0 0 0 -2.0726423034341823 10.410793805961493 0.8030237511392887 -1.442568383016231 -14.779152971637744 26.727668408946343 -15.783768022614959 -1.9842143575999405
64 640 0 0 0 0.02768508637209033 8.783566960766976 0.7793044269037996 -0.10805734654634969 -13.394798117929126 26.605113463751152 -16.028879189612965 -1.8317234018613178
65 650 0 0 0 -0.7547173775330916 9.138852673930733 0.776898584643307 -0.401500751506805 -13.619647999571104 26.970475984651685 -14.54649931677984 -1.4808706565619305
66 660 0 0 0 -2.6580124130985117 11.412489984754334 0.8068320641636642 0.47784884866716926 -14.080504211479143 22.956018083242686 -11.069703049937306 -1.1587572550571987
67 670 0 0 0 -2.546596741503269 9.627023115167527 0.7971346578914003 -1.2487938530929277 -13.719909679349527 24.773147924961762 -12.713069770631222 -1.9575743086883415
68 680 0 0 0 -2.5851824375046206 9.195944136523902 0.8067004843837974 -1.4529357187577012 -13.209856269206957 24.75200732862166 -12.51912750942206 -2.259770440231484
69 690 0 0 0 -1.2398821256060735 5.352109760507457 0.7935420590480801 -3.3743142534524857 -12.208895744481302 27.586467509665884 -15.638143983092219 -2.3833653998445303
70 700 0 0 0 -0.24044923308722854 3.5546878734919685 0.7898322220175247 -3.2756054433317754 -11.659805683504056 29.60184455855604 -17.481720379158677 -1.448048571406736
71 710 0 0 0 0.5311648306400749 0.7122711113841285 0.7909604807372542 -6.982316262880417 -12.083625013394524 36.80708152862504 -21.58772993129207 -1.9453306570550035
72 720 0 0 0 -0.9860524211192767 1.7619197754259468 0.7973391029303456 -7.761480868759857 -13.084215517111337 37.46563909892674 -20.66902598195549 -2.6201560308848126
73 730 0 0 0 -1.7072705830998138 1.7492171313044105 0.8072523297102799 -8.216963825351748 -12.50797314902207 36.98234465195466 -20.259516978689344 -0.924421574631721
74 740 0 0 0 -1.8046260823468787 2.507046545522712 0.7900009999321684 -8.358937619468621 -12.921320319908723 39.91986879474496 -22.523128496057186 -0.45221344192107304
75 750 0 0 0 -0.2805783659076353 0.18907173908983577 0.8198123196239814 -7.630479491192786 -13.114866850238142 38.91986126719231 -24.62043362239383 -2.1209870247011757
76 760 0 0 0 0.9347521229031581 -0.2738184420483154 0.7933423613539138 -7.7938093334582845 -13.069531366715724 39.75460710721372 -26.13345776368458 -2.0639470621632
77 770 0 0 0 -0.6228142534291894 0.6556574542338259 0.78643063577137 -8.21722205934286 -13.940026085952173 40.88659458075805 -23.732406362147962 -2.4843824217509396
78 780 0 0 0 -0.1567414146634436 -0.29528489737503183 0.7908319231791944 -9.296009011009758 -13.809129199717264 40.7269239459898 -24.766787862189865 -2.579943532650517
79 790 0 0 0 -0.6986983542575169 0.1474602394231872 0.7970623693915226 -9.75331908564227 -13.823268570200781 41.095235538139484 -24.597518741561803 -2.210097781039915
80 800 0 0 0 -0.5049324146407211 0.37034746456534073 0.7917242358857066 -10.017031137244272 -14.143003200011252 40.03576668406712 -23.854863130996378 -2.923664283451447
81 810 0 0 0 -0.6422330343068388 -0.27968059905278286 0.793136071742328 -11.116332751240622 -13.585620423275888 40.630488098419924 -24.73285954392799 -2.0584971088098305
82 820 0 0 0 -1.0052759400416795 0.8897730713918586 0.796540386903644 -10.564517706680718 -14.22289225618233 39.95630864389741 -25.415342788832945 -2.13291375520271
83 830 0 0 0 -0.8334667971074753 -0.33038752220703715 0.7941133521423408 -10.93583492373017 -13.83952831131105 40.94792763131853 -26.347327602427175 -1.9206496067072691
84 840 0 0 0 -0.5516599989132126 -0.030905893929438377 0.793616169708785 -10.619415925346267 -13.916014547681687 40.451970344327336 -26.244618878822745 -2.0799833808259556
85 850 0 0 0 -0.6959842213288332 -0.04990857473877772 0.7883356987742526 -10.43096408996348 -13.912613088007205 40.42715172450411 -25.313481669492433 -2.102166447360865
86 860 0 0 0 -0.5349299531279375 0.643371533338281 0.7912993312293753 -10.013781914267586 -13.968813558916155 39.2120702173756 -25.812670897733405 -2.315173527802976
87 870 0 0 0 -0.3428550759523098 0.4672366592653546 0.7909751621927912 -10.204661081326961 -13.577045214977625 39.51296293293781 -25.191454261372495 -1.9262896338416218
88 880 0 0 0 -0.5405733212372641 1.1895255982974975 0.788290828920614 -9.979156556101046 -13.698862438642903 38.99335506611342 -23.951996418970687 -1.7187222441152457
89 890 0 0 0 -0.38242170168543416 1.113824300871408 0.7931691829378053 -10.426895374942033 -13.56093247676466 39.154257174121575 -24.521728791078452 -2.2127547834731183
90 900 0 0 0 -0.7126458966125496 1.0601901653480383 0.7947460988285975 -9.989730758039451 -14.018287864066508 39.35595786524164 -23.99117196463539 -2.567024390664148
91 910 0 0 0 -0.7911529218793826 1.3772036060127393 0.7957896726513826 -9.640910759542324 -13.684885131462718 38.8558294090774 -23.765268541009508 -1.9456773586571678
92 920 0 0 0 -0.6717519367792776 1.2488358536135544 0.7928174204811684 -9.42692763996408 -13.585997732617292 38.45996800011454 -23.682373911509885 -1.7060761582405484
93 930 0 0 0 -0.402396173614793 1.2172439176315877 0.7926931305767351 -9.501828009019203 -13.447723813140543 38.300250588205905 -24.584357065506087 -1.7542090170802402
94 940 0 0 0 -0.3246169774809036 0.9558738745542485 0.7926846930081558 -9.667056828563332 -13.384330731858581 38.99864541030423 -25.419245715226985 -1.7721751979877807
95 950 0 0 0 -0.266203959274307 1.0325686935859666 0.7916927057984414 -9.776058805869393 -13.299502776815256 39.17505655212799 -25.62556064253983 -1.829841674683702
96 960 0 0 0 -0.4666881351240071 0.9570074250256623 0.7918215910521399 -10.148990352806088 -13.440706795106744 40.273166664686954 -25.812257467091257 -1.9973077818306944
97 970 0 0 0 -0.3260992443918603 1.0337225704571495 0.7916900464647086 -10.015738304954564 -13.499685329761212 39.41288988747003 -25.979440893885766 -2.2592573484945464
98 980 0 0 0 -0.20858144868336592 0.9551304022093529 0.7941070213415877 -10.113410029569945 -13.435855521210396 39.88324158166572 -26.322139411484613 -2.1542135591770704
99 990 0 0 0 -0.30123933835394767 1.3022266354261935 0.7926410644394938 -9.655292166586324 -13.552013122890331 38.825424113105925 -25.504131532096622 -2.2190385940660953
100 1000 0 0 0 -0.35993482442119057 1.3684025584823067 0.7939764408391522 -9.734162640525984 -13.489726340058805 39.13539460426809 -25.459350330383035 -2.3786526382392763
101 1010 0 0 0 -0.2501412618009036 1.0870732577020745 0.7940240186607208 -9.940449507602002 -13.203088486460027 39.5469726481239 -25.773401047052605 -2.0484542804962307
102 1020 0 0 0 -0.2530509835826527 1.2595824020275326 0.7928056792524127 -9.736305746372674 -13.319900085522745 39.065764835883606 -25.657885110567786 -2.0829564629470005
103 1030 0 0 0 -0.3254751102971649 1.4951094434213674 0.7932988399065284 -9.79319461529507 -13.417019747652944 39.09587108057547 -25.496405294467294 -1.9898311564499722
104 1040 0 0 0 -0.347467955949778 1.5878182061337072 0.793533384527591 -9.572720753250437 -13.186840920555738 38.864791462461 -25.207406874832003 -1.7949374211555058
105 1050 0 0 0 -0.3680902066270198 1.4903507215906417 0.7934665016106105 -9.712608387955726 -13.298024725491604 39.15420381846038 -25.458874228845385 -1.9468481105269495
106 1060 0 0 0 -0.2376722975446376 1.1497100215162406 0.7935314683609344 -10.022425988992756 -13.175523966539732 39.55856530865427 -26.106189645863783 -1.8894498096895198
107 1070 0 0 0 -0.2707715194522731 1.1033609423474142 0.793678193495896 -9.84724105362478 -13.167544546763088 39.478265862201916 -25.7854053509638 -1.7830442513166713
108 1080 0 0 0 -0.26129059551665773 1.2457865513708022 0.7934729718179819 -9.742003180173354 -13.168029954693978 39.064501401887405 -25.56628604958171 -1.6511604777648667
109 1090 0 0 0 -0.2603785178741413 1.230216975932943 0.7932600613326385 -9.833166781175045 -13.231282188929042 39.21569199408705 -25.50965878312484 -1.7749138024661812
110 1100 0 0 0 -0.31946586357946527 1.3163605183394014 0.7926765178042086 -9.976632757932558 -13.198324203378688 39.30558235561473 -25.558507566557974 -1.7912479621237145
111 1110 0 0 0 -0.24721942754914564 1.0808530114149046 0.7928267643198217 -10.095667328518546 -13.125779118002935 39.31951524602218 -26.04019926157661 -1.8684314895809024
112 1120 0 0 0 -0.2463228993506269 1.0360991622364304 0.7926112552768881 -10.151159719855634 -13.19146089154074 39.426901037552156 -25.839309618544217 -2.0302708514372747
113 1130 0 0 0 -0.22668280205488492 1.0417707195280497 0.793320065868955 -10.29796808443624 -13.084595635503373 39.225334143317184 -26.02332078952313 -2.005187905433772
114 1140 0 0 0 -0.23175482159015637 1.1635521690237616 0.7931238145845905 -10.158803388099434 -13.081181648036504 39.03030607224941 -25.759656017691366 -1.8914022681166225
115 1150 0 0 0 -0.2687875929478591 1.1176910299180496 0.7926549303216718 -10.168163341378376 -13.154402252953544 39.40551105603177 -25.753556682770565 -1.948366548074685
116 1160 0 0 0 -0.2940790641538371 1.2554886235163822 0.7927937738897931 -10.166384339771112 -13.153626979193158 39.006216772389294 -25.63692248710011 -1.9669581481864928
117 1170 0 0 0 -0.2744422540534768 1.215476073222941 0.7928651403137456 -10.195774406088937 -13.0742222665855 39.074322652094445 -25.821321924607513 -1.906216194518528
118 1180 0 0 0 -0.24212993646615477 1.1079598700956916 0.7932769891665634 -10.204865421149508 -12.999095616787452 39.1315702927953 -25.758947107175345 -1.8454215533060907
119 1190 0 0 0 -0.24236190771098176 1.0283821354452554 0.7932009824223969 -10.204690317790826 -13.027243438938466 39.419693655974505 -25.82934235680049 -1.8679382139134966
120 1200 0 0 0 -0.25668433076380254 1.1150482937102968 0.7932058332038969 -10.242368849703817 -13.00635990270545 39.286839356803405 -25.82365429447571 -1.9219351123524075
121 1210 0 0 0 -0.26748906417771534 1.1169489957583956 0.7930050533595763 -10.366869405761221 -13.00250762780587 39.3393801516323 -25.81842796906155 -1.9811281586436107
122 1220 0 0 0 -0.26979994259489803 1.1824423670360087 0.7929665768881317 -10.305486329452672 -13.0347692305085 39.21052784278179 -25.701691027314293 -2.0567337490089086
123 1230 0 0 0 -0.2796081763568841 1.1831435800240468 0.7929702555636576 -10.381644014614203 -12.963393629470042 38.98986562528987 -25.714403770844612 -2.0708059638442244
124 1240 0 0 0 -0.26933127848031013 1.1782361284700074 0.7929531569011787 -10.503917255248918 -12.970720197252726 38.958381597637164 -25.899563397338472 -2.0799432454438374
125 1250 0 0 0 -0.27436440467587897 1.2601560781878829 0.7928604804923084 -10.619108419439497 -12.853886833053549 38.74251020173711 -25.894666333246054 -2.0852137546191427
126 1260 0 0 0 -0.27258508323073294 1.2245890003745374 0.7930708610509509 -10.517595945414001 -12.804401547944458 38.88593133936291 -25.88847535339314 -1.9608918113590057
127 1270 0 0 0 -0.2677601753345627 1.2609581585895846 0.7933256302629269 -10.434315673645113 -12.79463581216684 38.61037494604183 -25.82370359395646 -1.8621307876626265
128 1280 0 0 0 -0.28120107563750024 1.267505137298628 0.7929887366164011 -10.37317830104123 -12.852130526447466 38.56978490669663 -25.526371796394244 -1.8933892588699752
129 1290 0 0 0 -0.2872997090827813 1.2599457600748085 0.7929298376494145 -10.43470904296839 -12.817129532212443 38.571751108659356 -25.661280881539714 -1.9723854021692764
130 1300 0 0 0 -0.29104781590880174 1.3028881405724733 0.7929598328125045 -10.414528514742 -12.868649666866181 38.56342505595839 -25.53535420960366 -2.062051125949004
131 1310 0 0 0 -0.30644114377480897 1.3354444079438041 0.792898575469544 -10.354351293248673 -12.905358820655573 38.48163666019401 -25.417155621993526 -2.0727366829201106
132 1320 0 0 0 -0.3028317894358685 1.334001757483621 0.7930817553337484 -10.302845868045695 -12.90713373162794 38.48068886880451 -25.34513090034321 -2.0278709820333436
133 1330 0 0 0 -0.30948444529161 1.3638597410293007 0.7929965595799312 -10.2270643921637 -12.936453946297853 38.43712355558634 -25.332310073344487 -1.9362672015077078
134 1340 0 0 0 -0.2941194962506174 1.2828063751144074 0.7929699373594586 -10.241001191084385 -12.955992780800566 38.57887251564233 -25.35856561718304 -1.983342700524927
135 1350 0 0 0 -0.27818499010326425 1.2130055174791372 0.7930687699315089 -10.139276057797918 -12.974956412871938 38.661958689366855 -25.282567724815856 -1.9559731553485493
136 1360 0 0 0 -0.27828607925935867 1.231579310865825 0.7930530875989587 -10.070817251023964 -13.022934752431441 38.76470142592248 -25.276687203332997 -1.9255678447440434
137 1370 0 0 0 -0.2729173397167205 1.2130145217868191 0.7929458334450754 -9.983764874699737 -13.026500067407625 38.662223376423775 -25.201593944574 -1.94210280691437
138 1380 0 0 0 -0.27266784316084725 1.1960398661590506 0.7929809077024873 -10.043435743755477 -12.989908429938499 38.84460443032498 -25.172989850275396 -2.021038003358039
139 1390 0 0 0 -0.2720401260750615 1.220863194097124 0.7928057234526503 -10.122520751973843 -12.994298460363982 38.869980592272746 -25.28018430459709 -2.0942753824460323
140 1400 0 0 0 -0.28431150399320676 1.2780642980366934 0.7929991381203421 -10.064005544426275 -13.052216648966255 38.83743073035695 -25.19939688484 -2.1122673308705613
141 1410 0 0 0 -0.29156545658316757 1.3009999792457059 0.7930288784388436 -10.16462924343685 -13.020378006978671 38.94953090886092 -25.356375540641345 -2.111312671354887
142 1420 0 0 0 -0.2900105358853815 1.2910082084791854 0.79305141547121 -10.196817921029968 -13.003351115811448 39.002667666396285 -25.4375904002829 -2.138621074831029
143 1430 0 0 0 -0.2850173043574737 1.2503442316610813 0.7930210097085864 -10.070519502365126 -13.040383382835318 39.139605374748214 -25.28483999879888 -2.093762843299937
144 1440 0 0 0 -0.27805162681933376 1.242940099281201 0.7930672522589169 -10.17619245543719 -12.970047054188 39.17596457708853 -25.385697906080722 -2.162330076547159
145 1450 0 0 0 -0.2718058624159568 1.2012720853968049 0.7930055360031119 -10.123097671281126 -13.013689181682572 39.17467276220331 -25.42218556898182 -2.1207279732538247
146 1460 0 0 0 -0.2841037717963558 1.250133417314687 0.7930328564348524 -10.188330669161735 -12.976312839981727 39.12312268032831 -25.517846491348294 -2.09094171138036
147 1470 0 0 0 -0.2729099479440928 1.2166136520063404 0.7930023520872098 -10.397957864749998 -12.89391338243966 39.08930486457055 -25.74607514949396 -2.075261185202379
148 1480 0 0 0 -0.27199446725948784 1.2072830928915261 0.7929444317103935 -10.327209569860711 -12.857968812727291 38.903687289717645 -25.734062966584663 -2.0063229615022706
149 1490 0 0 0 -0.27160377468173175 1.2003191161992084 0.7929598397517436 -10.222697094077855 -12.911699511644011 38.89679412738231 -25.584732161369356 -1.9675995302624436
150 1500 0 0 0 -0.2619472916082681 1.1611977443435924 0.7929853785373406 -10.288066798728117 -12.91624586579829 38.939825373596236 -25.731920802885178 -2.036604042236143
151 1510 0 0 0 -0.25029554649178176 1.1070123215186232 0.7930066791516657 -10.241400016926303 -12.882877662045534 38.85812849778149 -25.748737969544756 -1.9908466090880483
152 1520 0 0 0 -0.2400035396451162 1.0576902542843827 0.7930084770362748 -10.279669836472484 -12.828591040966828 38.804742946051604 -25.868662920681547 -2.023536301349443
153 1530 0 0 0 -0.23597677343356527 1.0385533635990964 0.7930238934464832 -10.182406771016513 -12.861650025587691 38.828253941067615 -25.798808474331384 -1.9769445910062773
154 1540 0 0 0 -0.23695152681324763 1.03790693220387 0.7930327297845285 -10.283878142184898 -12.861879386750724 39.011318880367845 -25.791211727743736 -2.0406635864743903
155 1550 0 0 0 -0.2521888611412673 1.097879406240687 0.7930021419317203 -10.349092001502305 -12.849910454749901 39.02499766681466 -25.832252672400273 -2.083782269777308
156 1560 0 0 0 -0.2462396959725025 1.085869232046526 0.7930056835829337 -10.349693119331901 -12.814252503013737 38.941730730784535 -25.870783612837158 -2.061005748981907
157 1570 0 0 0 -0.24664406263635724 1.0868813758750124 0.7930145659363742 -10.268660532843118 -12.8869530787284 39.05778336457156 -25.72743618329729 -2.104668312974537
158 1580 0 0 0 -0.25154788333295136 1.1114923865809785 0.7930139557504049 -10.26904860523709 -12.919836877428867 39.03487914094005 -25.69139612172781 -2.1169810631903387
159 1590 0 0 0 -0.2454224289114992 1.0824544318675162 0.7929867984773112 -10.310133437900438 -12.910614599970497 39.11859487762121 -25.77716212993172 -2.1499282953754
160 1600 0 0 0 -0.24845554560029476 1.100269147505857 0.7930026180248123 -10.30657336302577 -12.947873938862223 39.19360021438041 -25.716517495944025 -2.188556030861259
161 1610 0 0 0 -0.25921649331519325 1.1448332360101727 0.7930032483941221 -10.191289573131002 -12.977456980014257 39.130848920884304 -25.52715261878601 -2.191125229639877
162 1620 0 0 0 -0.25286057002355106 1.1192974798105895 0.7930082873115926 -10.239134916864963 -12.964880074597698 39.13448074700548 -25.62477415270262 -2.2048831260295483
163 1630 0 0 0 -0.2472877051282431 1.091654937910579 0.793034194267677 -10.150196017701639 -12.9935248078407 39.193633087329395 -25.515213796340106 -2.1935625159585475
164 1640 0 0 0 -0.24808213933675702 1.096177584843545 0.7930048660223017 -10.143658900289692 -12.974298979086955 39.165751258788035 -25.56714693327524 -2.1852905106845966
165 1650 0 0 0 -0.24630401269529223 1.0869243537444018 0.793004999214339 -10.172900949594508 -12.988889571097245 39.304661252790595 -25.576059814950625 -2.207703644865517
166 1660 0 0 0 -0.2425648695031671 1.068902010772935 0.7929977612770341 -10.158869070150434 -12.984040040462267 39.25779474165115 -25.587239275424444 -2.2141260094999593
167 1670 0 0 0 -0.2431530870300724 1.0729246416755545 0.793016161178844 -10.190326753972268 -12.984384389655188 39.31481963147009 -25.61165903975809 -2.2355061601109485
168 1680 0 0 0 -0.2422796211611701 1.069907200390671 0.7930097741789439 -10.181495068540789 -13.003711493309236 39.34487234720923 -25.56341131224491 -2.2388670731535014
169 1690 0 0 0 -0.24219336750159395 1.0666040569351574 0.7930036554286756 -10.147993556054683 -13.030490593138833 39.44120438841412 -25.49112176578308 -2.28062446655785
170 1700 0 0 0 -0.24907611138139202 1.100338010240827 0.7929898862092413 -10.117436528139176 -13.047635006947516 39.41196427509919 -25.406833669011426 -2.2945949185458723
171 1710 0 0 0 -0.24680809584434898 1.088790669977145 0.7930071391017082 -10.100368700658864 -13.051157610584841 39.43786045118163 -25.422703956776157 -2.280875146700227
172 1720 0 0 0 -0.24631045218078254 1.0867968533666033 0.7930075040939907 -10.067370890840204 -13.041324617505428 39.431645860995424 -25.39567057506471 -2.2830177308932877
173 1730 0 0 0 -0.2410469335393966 1.0613440985826075 0.793002897435047 -10.062434449689 -13.042841555644985 39.44530460539195 -25.41020885045039 -2.2570850076001636
174 1740 0 0 0 -0.24306903751441997 1.0725300546242933 0.79299223510023 -10.089948008016659 -13.012473137171861 39.40944981803878 -25.47040823719474 -2.267344868161942
175 1750 0 0 0 -0.24307256938761462 1.0726966632812192 0.7930086108990212 -10.067597237150222 -13.02537655581559 39.42060747150448 -25.44285045212113 -2.250336262355588
176 1760 0 0 0 -0.24276703354064758 1.071408938141284 0.7930027221729334 -10.056879493822834 -13.0283958434041 39.4688639709656 -25.427788404536305 -2.254962224852339
177 1770 0 0 0 -0.23968882164779948 1.0544372639993786 0.7930051877286168 -10.0964730802482 -13.006938090183604 39.471137556530174 -25.496927877538198 -2.2462484923466177
178 1780 0 0 0 -0.23824896102903692 1.0459671908368566 0.7930027404424375 -10.087582623726846 -12.991822921392751 39.451860561486 -25.516750854549308 -2.2195544429695793
179 1790 0 0 0 -0.2432475878171456 1.0729131184223215 0.7930087667205998 -10.092918671621405 -13.010933467420383 39.425314133210435 -25.45616109492196 -2.25894075201119
180 1800 0 0 0 -0.24917502068643518 1.1012445296972388 0.7930085668021044 -10.102332462614996 -13.025895404656826 39.383005744300924 -25.421908571247027 -2.2801895446626967
181 1810 0 0 0 -0.2476811446598234 1.0961723709332163 0.7930041146601362 -10.130038872953989 -13.015894319606932 39.37070311665561 -25.454498634418606 -2.297438366237642
182 1820 0 0 0 -0.2427246982124443 1.068923577096398 0.7930120459771108 -10.147808836551835 -12.968820138769997 39.36705637279756 -25.570348022487114 -2.256910350613376
183 1830 0 0 0 -0.24076252768396847 1.0574158178407358 0.7930082994266497 -10.17232634283399 -12.940491598818259 39.345614819069525 -25.639159764177123 -2.2177797059503845
184 1840 0 0 0 -0.23754398785408276 1.041375412590577 0.7930074365381217 -10.201474205608957 -12.919747537112157 39.39592487388445 -25.69028406947114 -2.2222529502702897
185 1850 0 0 0 -0.23558854837675147 1.0299683627405871 0.7930032833857941 -10.21560791104781 -12.88722205981193 39.314293580283106 -25.733011546627242 -2.191269916315654
186 1860 0 0 0 -0.23435786864610259 1.0226353083661202 0.793007569650734 -10.250504118215607 -12.88296039429056 39.31284264876998 -25.765037118981517 -2.1952192144707547
187 1870 0 0 0 -0.23556933705536479 1.0289075116164945 0.7930026497569359 -10.23360255160044 -12.894198028553332 39.36597857470614 -25.748628993486417 -2.1886794280238147
188 1880 0 0 0 -0.23904327062976857 1.052053048116215 0.7930048852570135 -10.213220075456931 -12.94650983255589 39.37853536086246 -25.66492872915614 -2.2389414320462038
189 1890 0 0 0 -0.24320033449693382 1.0717631189671333 0.7930070724002849 -10.174364557342413 -12.996721614663581 39.428849673545834 -25.562068606475826 -2.263866145256308
190 1900 0 0 0 -0.242046953835891 1.066374214095219 0.7930021714581162 -10.157938442706453 -13.01838733586675 39.458339998100094 -25.54997429341481 -2.271054240909878
